14.15037968
13.11152696
14.39329065
12.7967919
12.79295286
18.09711584
19.03650862
12.73556899
15.4325343
18.62533223
16.95090405
17.93590055
18.4472772
18.41953229
17.19652468
18.25889062
15.72477694
15.19068546
15.49091117
15.02455981
15.47980169
17.48396999
19.06899143
12.73759444
12.99837732
15.23328233
12.98625759
18.76169314
12.61268321
13.53875942
16.64685142
19.56993682
13.42746786
14.1371492
12.98083447
14.0299959
18.82658378
14.27239866
16.75180264
17.99836618
12.59097113
13.31657386
16.51890565
18.5413297
15.00980459
18.67479442
16.00543176
17.26220021
18.54539097
13.28220409
15.59135377
18.87497416
19.16211914
13.97750447
15.64382249
12.11336438
16.14961807
15.30961572
16.65924329
19.4906411
14.57993988
18.35555709
15.64567791
17.02576849
17.01427046
19.43913703
14.91792863
14.84265586
16.37132901
12.55513504
13.89429337
14.40364867
19.80796719
16.51561868
18.70902092
13.39504631
12.58124309
15.60363848
19.1079917
19.76668394
16.78065669
18.75127153
18.34656395
16.16821803
16.66456226
18.97919271
18.31211215
19.73018976
16.55971046
13.44261847
19.48578364
19.31725469
14.2086701
15.94275976
18.01777642
19.82298925
18.14771631
14.09404409
13.83089928
15.73156612
16.48412676
15.09298102
16.72166876
17.06440928
18.37408638
13.81271546
14.70354987
16.45033673
19.67917678
17.78279699
19.80416274
17.96171873
14.05369401
19.92217454
17.76183118
16.89440531
18.21703247
18.27419497
19.37870233
14.108897
17.0175844
17.17173369
12.20019679
13.94137487
12.91308303
14.63566733
17.07847165
15.90115354
13.94539089
17.2899254
17.31030846
18.41070715
18.59754259
16.53615696
15.07091507
16.12111199
14.62857775
14.60678239
13.54848951
12.37621661
12.96803743
17.26075047
17.51255663
12.74401489
15.54440569
14.62099006
13.21849316
12.06452207
19.63328523
14.86949998
15.48245981
17.8308346
15.61106909
18.53160928
14.54361207
14.39408812
14.58167613
13.46245197
14.9073878
16.78734125
16.86491622
13.18613846
16.90731701
14.16355119
17.46633984
12.62271632
17.82547869
19.01486026
16.21817489
17.30605443
16.48110804
17.92366981
19.92884976
13.46220715
12.59760309
14.10601816
19.33046707
13.82881486
18.65497149
19.60725313
19.68597103
13.32835468
13.51767324
12.50670799
17.11378673
14.21853396
19.69157007
14.88542376
18.44784686
12.71424252
19.33762515
16.71249958
13.43592437
16.57658888
15.89597951
13.70649879
18.59086327
15.39137118
15.45797647
18.74289437
19.95101155
15.53711325
14.95139164
16.35416793
12.24704284
12.20173928
17.84228491
14.75216329
15.56171581
18.26086418
15.8458582
19.68703464
17.44056095
16.9917871
13.47047242
18.3072298
12.71536762
17.50467947
18.92640446
17.69188085
16.98729011
18.26149052
17.50121209
15.14148745
15.57612735
17.97942555
19.54197032
15.86201826
17.70406717
12.51412814
16.35222785
15.70265695
14.19975237
14.52829493
16.37083093
16.73268948
16.46384762
12.12536372
16.40171528
13.15120074
12.40507932
12.2631932
14.28330673
14.04453396
16.69280498
17.59717265
19.1512548
13.59028451
19.99836934
17.44136527
14.14786787
13.52474951
13.69011566
19.58762597
16.30938681
13.96582617
12.81556034
18.56162561
15.60231559
18.61442948
12.57968779
16.25367661
13.16007979
15.39290925
12.43709438
14.11079385
15.8559126
19.32319187
17.790633
14.78057953
17.86704001
17.86167325
13.71756061
15.40845002
18.23129605
15.55856595
19.98049195
15.82561358
13.92754658
15.59784229
19.55463808
14.48543868
15.15661441
18.02489575
13.94394381
17.08961029
18.94227141
16.71440518
14.5512912
19.39275168
13.33954481
16.40022191
17.81875149
12.95941656
17.47118442
13.1562312
17.52453777
17.11461012
15.6109215
16.27936496
13.46579458
15.37437326
18.46533759
19.96086003
15.03462209
18.5385698
15.28548037
12.19176841
18.55112143
15.93811289
15.73775279
14.93365945
18.94336075
18.46254894
16.25570489
19.74889922
17.81386358
13.87915837
17.90094711
13.63671112
15.35041941
19.31525903
17.97375303
18.19263598
17.29418351
17.90881954
18.6075481
18.75059507
15.04088196
15.65371789
19.59275668
16.29791889
15.18570573
17.98197167
13.1227316
16.68423267
16.45103257
19.57925749
12.15384212
17.63719434
16.9348035
19.03232403
13.49433755
15.79181998
17.17374169
15.48865375
17.05673552
12.43725203
15.44415056
16.23940864
18.88449642
18.55819357
13.49516782
14.90567133
17.80063386
13.79125857
16.15275195
13.1440138
19.85287297
12.50467914
12.01368779
18.95131709
16.31129639
17.5571988
12.69604141
18.66237377
13.44014369
15.96453165
14.42810016
15.92055667
17.54325051
12.85746283
17.98729429
12.22803571
13.14952539
19.93869306
17.69612473
17.87517016
17.27654845
13.3000495
14.96439265
19.8853274
14.16571449
14.47245774
16.64280751
13.6695344
17.49706192
13.46891916
12.96337997
18.96157776
14.31210663
12.2745209
18.13323592
18.59394066
16.61303041
18.63970653
16.34010788
16.75046607
16.52328817
17.24623903
19.17580535
14.21453622
15.33364203
16.60495602
17.41499574
12.10582182
15.11429395
17.75273589
13.90515651
17.28515068
19.80481021
14.37552816
17.61025619
14.84050937
18.0054932
12.17214224
19.41022395
13.8245902
19.21452387
17.88943083
17.25441975
18.99049737
16.50345507
17.29660603
12.42414668
12.34121348
19.83881632
13.8296855
18.13040078
13.43673924
14.13210031
15.91111953
18.97493164
18.02344011
18.41317461
19.43122904
18.78364726
18.25072908
19.54485496
14.6888105
12.92209501
19.96364747
13.29018808
19.83860762
19.92777205
18.95045906
18.59013177
14.37671736
13.42221587
13.1410696
14.73913908
16.9804926
12.62260357
15.91529007
16.54594775
15.14680166
15.62047433
18.36346406
13.02089574
12.97825245
19.71481391
14.31649061
19.18713132
16.08522198
16.2234546
13.35124293
16.23114929
15.09357645
12.68274819
18.42069773
14.33074583
19.76117479
14.66693803
17.18133765
16.03031908
12.46808255
16.02124465
13.01692294
13.79199303
15.16659247
15.17118646
16.29596834
13.19191513
16.97169254
14.44449715
18.14361052
16.72677781
18.73330344
17.16053609
17.21121289
18.77460555
13.42621534
16.32727829
12.28311097
15.5370154
16.76930933
17.25247087
14.7695432
19.77611747
13.2468485
19.21537619
17.28938204
13.77966901
19.93491639
12.03866341
18.59415979
12.73626219
17.87189205
14.40809322
18.9407173
12.09000085
12.60173036
12.48028461
13.88627082
12.44014822
17.66905605
18.57850652
15.75134271
12.42918022
15.61554789
16.79357069
13.53784981
17.77494272
18.50866863
12.9061188
18.8021158
18.28466972
16.307231
18.77350087
14.7302232
17.87359813
18.24294493
14.83884924
13.66794716
19.74436422
12.42572978
14.5654008
15.34034878
13.47236438
12.11793725
14.25359047
19.4587275
17.46250782
15.20214384
19.37700843
18.93636257
14.63797201
16.82334693
19.72881704
15.39601737
19.43127011
19.04986409
17.4423706
15.63996706
12.26059111
15.22316525
19.94513764
13.34779283
17.77686864
17.37933166
15.41875108
18.01884347
15.6999443
17.51805718
18.40137922
19.08023736
18.78821288
17.69139597
14.68362585
14.01978731
16.94485658
19.81725745
19.04107571
17.00249083
15.09606987
13.78003021
15.39298075
15.53364908
18.50178471
19.50483393
15.14669348
17.49891807
13.27536219
18.52940743
14.84458169
13.23069097
13.4756102
13.88069738
14.16333764
19.89457732
15.97200189
14.77447232
14.21355072
18.43802524
13.66772449
19.7239088
19.39451514
12.96077983
12.26327728
14.67414199
17.02357434
17.19846338
12.28394922
18.52320906
19.47748769
12.70610451
18.4338956
19.97749859
12.28362881
18.86713737
19.91793159
13.35580109
13.93458907
18.3639542
17.78076196
18.15542366
15.86707077
18.20233884
13.84369461
12.24516938
17.8246014
